0.55842
0.55842
0.55842
0.55842
0.55842
0.55842
0.55842
0.66584
0.76077
0.75373
0.64349
0.55842
0.55842
0.55842
0.55842
0.55842
0.55842
0.55842
0.62979
0.95922
0.99929
0.99828
0.84648
0.55842
0.55842
0.55842
0.55842
0.55842
0.55842
0.57334
0.83217
0.98974
0.98249
0.94976
0.74632
0.55842
0.55842
0.55842
0.55842
0.55842
0.55842
0.68957
0.98128
0.99165
0.91098
0.65006
0.56935
0.55842
0.55842
0.55842
0.55842
0.55842
0.59807
0.91853
0.99121
0.96091
0.83703
0.60321
0.55935
0.55842
0.55842
0.55842
0.55842
0.56646
0.83579
0.99240
0.97427
0.84770
0.61678
0.56829
0.55842
0.55842
0.55842
0.55842
0.55842
0.69056
0.98090
0.99621
0.97031
0.79817
0.57033
0.55842
0.55842
0.55842
0.55842
0.55842
0.55842
0.90930
0.99245
0.97725
0.90563
0.65991
0.55936
0.55842
0.55842
0.55842
0.55842
0.55842
0.68788
0.97355
0.99022
0.96869
0.78073
0.57450
0.55842
0.55842
0.55842
0.55842
0.55842
0.55842
0.79729
0.97553
0.97587
0.94459
0.65783
0.55891
0.55842
0.55842
0.55842
0.55842
0.55842
0.55842
0.57618
0.58740
0.81756
0.92546
0.57070
0.55842
0.55842
0.55842
0.55842
0.55842
0.55842
0.55842
0.35640
0.04390
0.14742
0.58585
0.55842
0.55842
0.55842
0.55842
0.55842
0.55842
0.19394
0.19394
0.19394
0.19394
0.19394
0.19394
0.19394
0.13492
0.11831
0.12537
0.15255
0.19394
0.19394
0.19394
0.19394
0.19394
0.19394
0.19394
0.15673
0.14126
0.45755
0.19135
0.08707
0.19394
0.19394
0.19394
0.19394
0.19394
0.19394
0.18242
0.09850
0.72284
0.99448
0.46236
0.11169
0.19394
0.19394
0.19394
0.19394
0.19394
0.19394
0.13627
0.39340
0.98937
0.79299
0.07295
0.10371
0.19394
0.19394
0.19394
0.19394
0.19394
0.16964
0.14350
0.89670
0.96584
0.21399
0.07080
0.18625
0.19394
0.19394
0.19394
0.19394
0.18749
0.08239
0.61906
0.99616
0.52783
0.04951
0.15577
0.19394
0.19394
0.19394
0.19394
0.19394
0.13078
0.38196
0.98289
0.79751
0.04575
0.10784
0.19394
0.19394
0.19394
0.19394
0.19394
0.19394
0.14355
0.89422
0.99065
0.29601
0.06015
0.18981
0.19394
0.19394
0.19394
0.19394
0.19394
0.12668
0.54518
0.99624
0.68159
0.03477
0.12769
0.19394
0.19394
0.19394
0.19394
0.19394
0.19394
0.19303
0.91200
0.98819
0.19440
0.07082
0.19175
0.19394
0.19394
0.19394
0.19394
0.19394
0.19394
0.53912
0.99242
0.86759
0.03849
0.13153
0.19394
0.19394
0.19394
0.19394
0.19394
0.19394
0.19394
0.48079
0.94239
0.57602
0.07244
0.19394
0.19394
0.19394
0.19394
0.19394
0.19394
0.57553
0.57553
0.57553
0.57553
0.57553
0.57553
0.57553
0.52484
0.37147
0.49087
0.60580
0.57553
0.57553
0.57553
0.57553
0.57553
0.57553
0.57553
0.54462
0.13896
0.01066
0.23831
0.63113
0.57553
0.57553
0.57553
0.57553
0.57553
0.57553
0.57215
0.33062
0.00589
0.00666
0.48113
0.66153
0.57553
0.57553
0.57553
0.57553
0.57553
0.57553
0.49340
0.04890
0.00057
0.26050
0.89030
0.73874
0.57553
0.57553
0.57553
0.57553
0.57553
0.56179
0.20477
0.00095
0.06232
0.78729
0.80150
0.58664
0.57553
0.57553
0.57553
0.57553
0.57373
0.35029
0.01107
0.00373
0.53207
0.87714
0.63657
0.57553
0.57553
0.57553
0.57553
0.57553
0.49945
0.04897
0.00029
0.21011
0.89722
0.72692
0.57553
0.57553
0.57553
0.57553
0.57553
0.57553
0.22519
0.00087
0.01764
0.71573
0.81688
0.58117
0.57553
0.57553
0.57553
0.57553
0.57553
0.50997
0.02756
0.00032
0.32136
0.90464
0.68866
0.57553
0.57553
0.57553
0.57553
0.57553
0.57553
0.30666
0.00148
0.01297
0.78262
0.79138
0.57848
0.57553
0.57553
0.57553
0.57553
0.57553
0.57553
0.23625
0.00238
0.18858
0.88843
0.68178
0.57553
0.57553
0.57553
0.57553
0.57553
0.57553
0.57553
0.35578
0.10675
0.63243
0.83084
0.57553
0.57553
0.57553
0.57553
0.57553
0.57553
0.19370
0.19370
0.19370
0.19370
0.19370
0.19370
0.19370
0.15937
0.15785
0.27718
0.23307
0.19370
0.19370
0.19370
0.19370
0.19370
0.19370
0.19370
0.16506
0.03126
0.04852
0.57097
0.38618
0.19370
0.19370
0.19370
0.19370
0.19370
0.19370
0.18845
0.08273
0.00261
0.08789
0.79605
0.43878
0.19370
0.19370
0.19370
0.19370
0.19370
0.19370
0.13892
0.01073
0.00717
0.46778
0.77165
0.33903
0.19370
0.19370
0.19370
0.19370
0.19370
0.17831
0.04561
0.00138
0.22513
0.84608
0.44335
0.19855
0.19370
0.19370
0.19370
0.19370
0.19084
0.08518
0.00463
0.03959
0.69387
0.63952
0.23139
0.19370
0.19370
0.19370
0.19370
0.19370
0.14141
0.01067
0.00384
0.48187
0.79857
0.31262
0.19370
0.19370
0.19370
0.19370
0.19370
0.19370
0.04376
0.00099
0.14403
0.87509
0.51703
0.19614
0.19370
0.19370
0.19370
0.19370
0.19370
0.14515
0.00547
0.00612
0.62840
0.78079
0.27943
0.19370
0.19370
0.19370
0.19370
0.19370
0.19370
0.07710
0.00058
0.18102
0.91098
0.47681
0.19496
0.19370
0.19370
0.19370
0.19370
0.19370
0.19370
0.05761
0.00070
0.43632
0.84622
0.26966
0.19370
0.19370
0.19370
0.19370
0.19370
0.19370
0.19370
0.08457
0.01361
0.43892
0.57550
0.19370
0.19370
0.19370
0.19370
0.19370
0.19370
0.24151
0.24151
0.24151
0.24151
0.24151
0.24151
0.24151
0.17446
0.14077
0.18947
0.23043
0.24151
0.24151
0.24151
0.24151
0.24151
0.24151
0.24151
0.19762
0.04961
0.22576
0.54568
0.28946
0.24151
0.24151
0.24151
0.24151
0.24151
0.24151
0.23006
0.09427
0.26948
0.95766
0.96539
0.45371
0.24151
0.24151
0.24151
0.24151
0.24151
0.24151
0.16709
0.08262
0.79084
0.99501
0.79827
0.30588
0.24151
0.24151
0.24151
0.24151
0.24151
0.21489
0.06105
0.49279
0.99448
0.92282
0.37403
0.24145
0.24151
0.24151
0.24151
0.24151
0.23519
0.08892
0.19131
0.95187
0.98189
0.59368
0.24583
0.24151
0.24151
0.24151
0.24151
0.24151
0.16382
0.08036
0.73205
0.99464
0.77083
0.27606
0.24151
0.24151
0.24151
0.24151
0.24151
0.24151
0.06662
0.44590
0.99272
0.96440
0.44786
0.24120
0.24151
0.24151
0.24151
0.24151
0.24151
0.16295
0.12416
0.84822
0.99479
0.72793
0.26165
0.24151
0.24151
0.24151
0.24151
0.24151
0.24151
0.13363
0.43259
0.99392
0.95091
0.41304
0.24135
0.24151
0.24151
0.24151
0.24151
0.24151
0.24151
0.30220
0.81610
0.99664
0.76428
0.25778
0.24151
0.24151
0.24151
0.24151
0.24151
0.24151
0.24151
0.36765
0.85480
0.93458
0.55366
0.24151
0.24151
0.24151
0.24151
0.24151
0.24151
0.26215
0.26215
0.26215
0.26215
0.26215
0.26215
0.26215
0.21208
0.15029
0.13871
0.19539
0.26215
0.26215
0.26215
0.26215
0.26215
0.26215
0.26215
0.23298
0.06694
0.00564
0.00751
0.12598
0.26215
0.26215
0.26215
0.26215
0.26215
0.26215
0.25524
0.13796
0.03399
0.11451
0.44628
0.39553
0.26215
0.26215
0.26215
0.26215
0.26215
0.26215
0.20809
0.05102
0.03910
0.51387
0.78464
0.37387
0.26215
0.26215
0.26215
0.26215
0.26215
0.24522
0.09293
0.03184
0.28057
0.75832
0.45572
0.26541
0.26215
0.26215
0.26215
0.26215
0.25840
0.13506
0.02631
0.10010
0.71915
0.65126
0.28568
0.26215
0.26215
0.26215
0.26215
0.26215
0.20623
0.05040
0.02694
0.33475
0.66409
0.34684
0.26215
0.26215
0.26215
0.26215
0.26215
0.26215
0.10612
0.03514
0.21603
0.70308
0.50584
0.26358
0.26215
0.26215
0.26215
0.26215
0.26215
0.20581
0.06323
0.06162
0.44376
0.63571
0.31889
0.26215
0.26215
0.26215
0.26215
0.26215
0.26215
0.16986
0.08925
0.22322
0.58950
0.47124
0.26289
0.26215
0.26215
0.26215
0.26215
0.26215
0.26215
0.28975
0.51591
0.66188
0.51108
0.31292
0.26215
0.26215
0.26215
0.26215
0.26215
0.26215
0.26215
0.37169
0.81925
0.92594
0.60422
0.26215
0.26215
0.26215
0.26215
0.26215
0.26215
