-0.020724,-0.066391,-0.034271,0.089644,-0.087578
-0.082964,0.0050641,-0.14788,-0.13995,-0.20233
-0.13829,-0.071115,-0.15571,-0.10669,-0.10586
-0.16871,0.000253,0.087893,0.059281,0.021278
0.023313,-0.0067686,-0.089404,-0.10108,-0.019276
-0.02482,-0.031306,-0.092511,-0.15854,-0.035432
0.0011898,-0.046906,0.022654,-0.12023,-0.24729
-0.2022,-0.047074,-0.05628,-0.17062,-0.085157
-0.10195,-0.0092018,-0.027424,0.0057008,-0.15555
0.13659,0.010424,0.051379,-0.21964,0.053394
-0.0054925,-0.082683,-0.18186,0.047171,-0.013505
0.0028119,-0.15444,-0.061945,0.042397,0.034087
-0.020825,0.069535,-0.0978,0.072703,0.059547
-0.098433,-0.046706,-0.10202,-0.19106,-0.00096232
-0.087925,-0.10097,-0.10468,-0.085065,-0.078342
-0.051273,-0.012652,-0.071795,0.025684,-0.11215
-0.032491,-0.077128,-0.2151,0.016125,-0.0033037
-0.039861,-0.011731,-0.0013403,-0.036461,-0.13013
-0.1063,-0.029656,-0.023008,-0.15822,-0.005894
-0.039723,-0.023954,-0.049798,0.061067,-0.087829
0.10586,-0.18455,-0.091294,-0.11764,-0.11168
-0.020642,-0.24714,0.0093896,-0.09073,-0.078578
0.079835,0.034971,-0.12373,0.032265,-0.088291
-0.18099,-0.050516,-0.074492,-0.003135,0.028
-0.056815,-0.046362,-0.054211,-0.28225,-0.15106
-0.11383,-0.030438,0.03347,-0.12316,-0.026409
-0.062921,0.041544,-0.0079488,0.095718,-0.11377
-0.16698,0.0063001,0.0061438,0.048586,-0.0046348
-0.077038,-0.10373,-0.061588,0.039254,-0.055287
-0.12516,-0.019278,-0.18007,-0.0076119,-0.2666
0.31694,-0.079776,-0.026784,0.16837,0.33324
0.086889,-0.29488,-0.40761,-0.24092,-0.16216
-0.22114,-0.41753,-0.5091,-0.72244,-0.40413
-0.020824,-0.18296,-0.44173,-0.36753,-0.45154
0.23375,0.39193,0.3607,0.52972,0.31221
0.027841,0.083813,-0.089859,-0.051073,0.11308
0.29975,0.15895,0.38464,0.53658,0.27551
0.082441,0.2171,0.12802,0.35136,0.4183
-0.1253,-0.30707,-0.46633,-0.43129,-0.19265
-0.27981,-0.47992,-0.47251,-0.37733,-0.16951
-0.053467,-0.22235,-0.17415,-0.35521,-0.27802
-0.10738,-0.20898,-0.55746,-0.38149,-0.47119
-0.11809,-0.2156,-0.004044,-0.14483,-0.26594
0.16545,0.097502,0.35823,0.33499,0.13594
-0.070216,-0.00044352,0.12885,0.0147,0.10808
0.056405,-0.015345,-0.10084,-0.13786,-0.22435
-0.15543,-0.26688,-0.34248,-0.29452,-0.27717
-0.0235,-0.22821,-0.34559,-0.47206,-0.48173
0.012594,-0.27509,-0.12799,-0.22342,-0.28724
0.064686,0.059478,0.0084506,-0.052421,-0.29465
-0.031151,-0.1068,-0.13138,-0.009052,-0.098596
0.14395,0.19579,0.26842,0.36681,0.42826
0.5664,0.050827,0.34952,0.47743,0.4312
-0.059879,-0.13279,-0.46777,-0.46883,0.0067135
-0.17691,-0.25421,-0.39529,-0.4103,-0.31651
-0.13949,-0.23213,0.0035615,-0.14289,-0.236
0.18032,0.13877,0.093875,0.3847,0.24563
0.26222,0.26432,0.50445,0.60825,0.61719
0.11405,0.20673,0.12731,0.12823,0.24674
-0.20225,-0.3925,-0.43325,-0.56916,-0.49025
-0.43728,-0.54189,-0.4239,-0.51775,-0.45581
-0.33454,-0.71377,-0.78993,-0.99065,-0.74141
0.16618,0.071784,-0.1335,0.10601,-0.073837
0.20545,0.34181,0.2154,0.30329,0.30578
0.073364,0.18999,0.087015,0.055389,0.10698
0.043378,0.18919,0.35489,0.39851,0.33172
-0.31869,-0.21032,-0.36556,-0.29531,-0.27458
-0.27355,-0.59355,-0.67012,-0.7798,-0.45537
0.24358,0.067783,0.038016,0.014384,-0.030099
0.35659,0.29568,0.22257,0.27196,0.03817
0.2476,0.09168,-0.061568,-0.18818,-0.016068
0.45878,0.40094,0.37638,0.41133,0.34841
0.020252,0.067572,0.26639,0.18777,0.12788
-0.21952,-0.22198,-0.0094288,-0.11083,0.014696
-0.16955,-0.23852,-0.23389,-0.088935,-0.069006
0.018993,-0.061286,-0.27201,-0.36454,-0.084667
0.21625,-0.052259,-0.2519,-0.011418,-0.1296
0.042546,0.08221,-0.11857,-0.27627,-0.31588
-0.087395,0.029045,-0.24578,-0.21378,-0.22405
-0.21637,-0.047191,0.039092,0.019982,0.30084
0.024676,0.077263,0.20743,0.37338,0.48091
-0.2028,-0.26121,-0.12316,-0.068301,-0.23341
-0.32741,-0.56562,-0.60948,-0.66741,-0.43586
0.20059,0.14792,-0.15576,-0.13373,0.064407
0.16808,0.49331,0.30517,0.25063,0.2747
0.41343,0.40073,0.23893,0.44074,0.31601
-0.0052299,0.32919,0.39699,0.40485,0.62217
-0.20167,-0.28007,-0.19534,-0.19389,-0.28536
0.023227,-0.20296,-0.10507,-0.12153,-0.17329
0.19842,0.27345,0.2883,0.35944,0.23248
-0.26731,-0.55301,-0.11894,0.054304,0.34601
-0.029081,-0.24495,-0.098752,-0.099507,0.052525
0.11129,0.044975,0.027438,-0.2533,-0.15976
0.20347,0.44069,0.21284,-0.31451,-0.59712
0.082835,-0.22548,-0.45625,-0.34536,-0.3834
-0.22412,0.078373,0.40324,0.79088,0.49678
-0.54054,-0.33807,0.4856,0.91458,0.46714
-0.40123,-0.43383,0.2963,0.71028,0.36942
-0.1177,0.1935,0.16835,0.01998,-0.24567
0.26355,0.56325,-0.089409,-0.38088,-0.18547
0.14295,-0.084789,-0.55878,-0.64941,-0.52924
0.22525,-0.034054,-0.37137,-0.60324,-0.50981
0.249,-0.029143,-0.27845,-0.47748,-0.093724
-0.17266,-0.39817,-0.11356,0.045347,0.037166
-0.24488,-0.32139,0.10644,0.21755,0.082183
-0.012337,-0.17963,-0.64838,-0.65036,-0.0099889
0.13919,-0.08632,-0.6383,-0.64895,0.097137
-0.018726,-0.23513,-0.26255,-0.38794,0.05749
-0.001422,-0.26158,-0.11053,-0.14261,0.014125
0.16384,-0.16164,-0.024022,0.20131,-0.32118
-0.030404,-0.22369,-0.04955,0.5187,0.45637
-0.17721,-0.25108,0.24908,0.63669,0.70978
-0.29536,-0.34326,0.085346,0.61867,0.55863
-0.26712,0.057968,0.18502,0.13341,0.033213
0.15554,0.31403,0.16596,0.11541,-0.49124
0.30555,0.24053,-0.088104,-0.0010311,0.32632
-0.18657,0.12133,0.28331,0.52769,0.67404
-0.3087,-0.36482,-0.31567,0.5186,0.7526
-0.21188,-0.38772,-0.072494,0.27091,0.2374
0.091171,0.078264,0.35009,-0.07063,-0.015426
-0.25236,-0.018257,-0.088609,-0.098336,-0.094915
0.032774,-0.1768,-0.14941,0.0055199,-0.12167
-0.2406,-0.19562,0.02232,-0.08624,0.032782
-0.083083,-0.064298,-0.06988,-0.16909,-0.093132
-0.096437,-0.047686,-0.1745,-0.17979,-0.10813
-0.055892,-0.075937,-0.018411,0.072274,-0.057626
-0.21831,-0.22464,-0.27266,-0.07485,-0.073459
-0.13748,-0.22141,-0.14625,-0.074297,-0.35382
-0.012584,-0.056118,-0.037592,-0.1118,-0.044337
-0.15337,-0.12299,-0.072821,-0.070026,-0.14569
0.093478,-0.12699,-0.14816,-0.038893,-0.15441
-0.045991,-0.21181,-0.34864,-0.033918,0.048563
0.036956,-0.062811,-0.13533,-0.067912,0.011528
-0.0074799,-0.10532,-0.054328,-0.095914,-0.072296
-0.16427,-0.10293,-0.12364,0.01038,-0.11045
0.046645,-0.1075,-0.10765,-0.21048,-0.12438
-0.11138,-0.098762,-0.027497,-0.18944,-0.023282
-0.031131,-0.15427,-0.012486,-0.092532,-0.24936
-0.22062,-0.071446,-0.16227,0.037421,-0.072047
-0.18411,-0.033679,-0.13107,-0.18093,0.048703
-0.083387,-0.15984,-0.12229,-0.24935,-0.2379
0.006422,-0.11672,-0.35354,0.017264,-0.084997
-0.083431,-0.079055,-0.065022,-0.2396,-0.15401
-0.1235,-0.042918,-0.19895,0.016394,-0.204
-0.20375,-0.039943,-0.14616,-0.20195,-0.12815
-0.056682,-0.067915,-0.074531,-0.09143,-0.16397
-0.22508,-0.035056,-0.051087,0.016452,-0.17938
-0.22699,0.072906,-0.016118,-0.09087,-0.1484
-0.057952,-0.09065,-0.050836,-0.084143,-0.13701
-0.028303,-0.13918,-0.054483,-0.1816,-0.15475
0.27437,0.19609,0.040302,0.25477,0.65431
-0.37886,-0.52376,-1.0016,-0.27092,0.55272
-0.83522,-1.0531,-1.3291,-0.62334,0.24559
0.46876,0.18548,0.10747,0.36151,0.67798
0.73203,0.16979,0.13372,0.48973,0.68712
0.42835,0.29565,0.42633,0.43963,0.19205
0.31458,0.17279,0.37667,0.53529,0.54253
-0.80532,-1.2527,-1.2736,-0.1572,0.29191
-1.4165,-1.6439,-1.2976,-0.36828,-0.3985
-0.32652,-0.42457,0.0033881,0.40566,-0.2203
-0.52668,-0.44211,-0.40705,-0.34987,-0.21934
-0.14656,-0.0094263,0.13941,-0.25664,-0.10938
0.45737,0.75882,0.75693,0.24261,0.33208
0.34094,0.78859,0.5894,0.35137,0.70424
-0.3533,-0.041533,0.10873,0.26048,0.80931
-0.031714,-0.16072,-0.11411,0.11614,0.28237
-0.19979,-0.11555,-0.32339,-0.1262,0.23313
-0.10296,0.21328,0.020284,-0.086644,0.39131
0.016903,-0.035287,-0.081659,-0.18453,0.81336
0.010831,-0.42565,-0.30326,0.18028,0.73391
0.17232,0.39317,0.35134,0.3499,0.44475
0.42449,0.25347,0.33461,0.54232,0.51146
-0.58074,-0.859,-0.71377,-0.10074,0.14194
-0.78217,-1.3012,-0.9057,-0.38883,-0.21462
0.11652,-0.19155,-0.23303,0.23466,-0.018766
-0.15661,0.13037,0.13346,0.30753,-0.059594
0.65806,0.79815,0.97371,0.78039,0.14763
0.76328,0.36052,0.44679,0.58493,0.30971
-0.35957,-0.84182,-0.89797,-0.42806,0.10758
-0.59182,-0.13939,0.050136,0.39177,0.13046
0.21469,0.095948,-0.42455,-0.56126,-0.36348
-0.26054,-0.45185,-0.39862,-0.01477,0.2638
0.25333,0.5214,0.34272,0.58566,0.49809
0.97319,1.213,1.2208,0.97426,0.56884
0.53751,0.42379,0.25434,0.37618,0.39388
0.31031,-0.03123,-0.35344,-0.66715,-0.25754
-0.16402,-0.67317,-1.0978,-0.84234,-0.4699
-0.64337,-1.2605,-0.96332,-0.71544,-0.81772
-0.43276,-0.3298,-0.046695,-0.24665,-0.62725
0.64291,0.81313,0.85322,0.39216,-0.12895
-0.56127,-0.26005,-0.070138,-0.11086,0.056586
0.011856,0.44262,0.61036,0.51306,0.31167
0.33988,0.49485,0.60218,0.44839,0.57797
-0.11167,-0.084273,0.060992,0.26865,0.40195
-0.39654,-0.50242,-0.38258,-0.32466,-0.18418
-0.21932,0.0067027,0.09552,0.2266,0.093473
0.24437,0.24028,0.16881,0.085916,0.11029
0.2388,0.41351,0.28045,0.2669,0.39632
0.18605,-0.0083551,0.17636,0.56252,0.24012
-0.069607,-0.16114,0.14641,0.4808,0.45411
0.3174,0.11038,-0.13447,-0.14064,-0.022557
0.28402,-0.24258,-0.49267,-0.61875,-0.32761
-0.2545,-0.69555,-0.79657,-0.57491,-0.38446
-0.16508,-0.13928,-0.13912,-0.29364,-0.50314
0.57176,0.63348,0.74571,0.50202,0.058289
-0.10827,0.25844,0.20388,0.056022,0.11495
0.19932,-0.050877,-0.62705,-0.78067,-0.67632
-0.34953,-0.84698,-0.94335,-0.6385,-0.37939
-0.54164,-0.89919,-0.68761,-0.35992,-0.28257
0.10716,0.46031,0.26063,0.0052302,-0.4387
-0.094651,0.056786,0.013287,-0.016346,-0.034573
-0.10738,-0.052579,0.034145,-0.10144,-0.12504
-0.11354,0.1051,-0.13875,-0.069456,0.039365
-0.00070069,-0.06579,-0.10361,-0.30265,-0.044631
-0.042452,-0.11212,-0.1299,-0.0067089,-0.13782
0.0772,-0.15927,-0.33286,-0.041874,-0.021051
0.060494,0.005846,-0.0095993,-0.04235,-0.11693
-0.055093,-0.14444,-0.15256,0.0084267,-0.065617
-0.132,-0.039151,-0.045683,-0.066764,0.095557
0.013983,-0.011652,-0.19451,-0.21302,-0.10192
-0.067522,-0.036205,-0.049463,0.042136,0.035578
0.032684,-0.1225,-0.090984,-0.097427,-0.091371
0.040026,-0.12223,-0.13522,-0.11679,-0.1479
-0.079908,0.023205,-0.049979,-0.091543,-0.094551
-0.072954,-0.050462,-0.012462,-0.08417,-0.02949
-0.24871,0.059148,-0.091036,-0.17635,-0.069022
0.080406,-0.13303,-0.061003,0.029518,-0.13127
-0.047784,-0.046103,-0.17541,-0.047751,0.00082194
-0.015929,-0.10037,0.013524,0.13984,-0.21931
-0.087377,-0.0015437,-0.14447,-0.069323,0.014813
-0.0036691,-0.060388,0.19612,0.094393,-0.21846
0.025292,0.035038,-0.22036,-0.2128,0.047756
-0.10963,0.08822,0.00068899,-0.059981,-0.33564
-0.041533,-0.002406,-0.28148,-0.05474,-0.10424
-0.095145,-0.39048,0.023792,-0.023511,-0.088157
0.023427,-0.15095,-0.04713,-0.059145,-0.071107
-0.11257,-0.074439,-0.10811,-0.1209,-0.0034821
-0.088292,-0.015836,-0.096049,-0.044381,-0.16308
-0.05836,-0.015909,-0.07848,-0.081337,0.086303
-0.040461,-0.05487,-0.058206,-0.026451,-0.023791
