0.16857
-0.34387
-0.57458
-0.80491
-0.81705
-0.028793
-0.51164
-0.71739
-0.69586
-0.42005
0.65192
0.29508
0.075486
-0.17276
0.03898
1.4527
1.0892
1.2624
0.98134
0.90713
1.1163
1.0124
1.1958
1.2605
1.0484
-1.2128
-0.64414
0.10897
0.54579
0.62904
-0.16876
0.83063
0.95261
1.1906
1.0745
-0.30332
0.8749
1.0985
1.2031
1.0562
-0.58711
0.38117
1.0065
0.77788
0.18042
-1.1108
-0.35066
-0.22909
-0.6317
-1.3891
1.0327
0.83197
0.28306
-0.101
-0.48898
0.23712
-0.18063
-0.40667
-0.69625
-0.79021
-0.16508
-0.27202
-0.57193
-0.80731
-0.93021
0.12749
-0.24481
-0.87168
-0.8705
-0.78058
0.47893
-0.34101
-0.98444
-0.97631
-0.23384
0.68099
0.54166
0.083082
-0.39318
-0.84406
0.56693
0.25584
-0.058882
-0.54527
-0.89165
0.41759
0.29768
-0.13995
-0.73738
-0.81582
0.51363
0.26343
-0.16508
-0.6308
-0.9253
0.61353
0.35684
0.14969
-0.41965
-0.59697
-0.075598
0.32734
0.52571
0.41983
0.22223
0.64397
0.92742
0.94133
0.75853
0.50462
0.35696
0.88957
0.70318
0.66888
0.19929
0.17924
0.64979
0.72921
0.27865
-0.36214
-0.1691
-0.17502
-0.47788
-0.9597
-1.1428
0.32582
0.53667
0.54169
0.73206
0.34502
0.49627
0.69352
0.66052
0.49071
0.23672
0.30222
0.39403
0.31572
0.099126
0.092007
-0.18306
-0.60957
-0.39189
-0.28137
-0.29178
-1.4304
-1.337
-1.0541
-0.74886
-0.62992
