0.05719
0.04238
0.02251
0.02651
0.05486
0.02226
0.01983
0.01605
0.03196
0.01840
0.01658
0.02575
0.01553
0.01727
0.01618
0.04242
0.06060
0.02980
0.01401
0.03889
0.04291
0.01828
0.03323
0.07431
0.02263
0.01846
0.03758
0.05995
0.00946
0.00915
0.04694
0.05069
0.21922
0.25524
0.03582
0.00916
0.28862
0.10810
0.03499
0.02690
0.17276
0.02616
0.03818
0.12933
0.04455
0.03007
0.04429
0.23883
0.05580
0.01363
0.72828
0.37582
0.02000
0.42156
0.86258
0.00879
0.08379
0.97079
0.25516
0.01726
0.69818
0.70204
0.00214
0.05987
0.00582
0.00433
0.00164
0.00101
0.00546
0.00220
0.00073
0.00048
0.00330
0.00104
0.00037
0.00146
0.00175
0.00050
0.00054
0.00376
0.85394
0.80010
0.56350
0.00681
0.77306
0.92243
0.15362
0.60989
0.82935
0.44649
0.19775
0.96068
0.74233
0.02703
0.60411
0.90471
0.89208
0.90987
0.93467
0.43314
0.92025
0.94549
0.41797
0.42204
0.89130
0.78222
0.25080
0.94091
0.45954
0.25697
0.77686
0.90296
0.03634
0.03336
0.01494
0.01253
0.03678
0.01946
0.00754
0.01329
0.02761
0.00969
0.00843
0.02320
0.01651
0.00688
0.01595
0.02846
