0.55842
0.55842
0.55842
0.55842
0.55842
0.55842
0.55842
0.55842
0.55842
0.55842
0.55842
0.55842
0.55842
0.55842
0.55842
0.55842
0.55842
0.55842
0.55842
0.55842
0.55842
0.55842
0.55842
0.55842
0.55842
0.55842
0.55842
0.55842
0.55842
0.55842
0.55842
0.55842
0.55842
0.55842
0.55842
0.55842
0.55842
0.55842
0.67799
0.86851
0.95751
0.96872
0.96406
0.93402
0.83218
0.62494
0.55842
0.55842
0.55842
0.55842
0.55842
0.55842
0.55842
0.55842
0.55842
0.55842
0.55842
0.55842
0.55842
0.55842
0.55842
0.65236
0.89600
0.98662
0.99855
0.99932
0.99916
0.99581
0.96478
0.70372
0.55842
0.55842
0.55842
0.55842
0.55842
0.55842
0.55842
0.55842
0.55842
0.55842
0.55842
0.55842
0.55842
0.55842
0.55842
0.74996
0.95894
0.99534
0.99949
0.99981
0.99978
0.99835
0.98235
0.73506
0.55842
0.55842
0.55842
0.55842
0.55842
0.55842
0.55842
0.55842
0.55842
0.55842
0.55842
0.55842
0.55842
0.55842
0.62582
0.88159
0.98019
0.99529
0.99767
0.99826
0.99723
0.98753
0.93533
0.68447
0.55842
0.55842
0.55842
0.55842
0.55842
0.55842
0.55842
0.55842
0.55842
0.55842
0.55842
0.55842
0.55842
0.61809
0.84691
0.97436
0.99218
0.99131
0.97456
0.95946
0.93948
0.87480
0.74927
0.61621
0.55842
0.55842
0.55842
0.55842
0.55842
0.55842
0.55842
0.55842
0.55842
0.55842
0.55842
0.55842
0.55842
0.74752
0.95662
0.99178
0.99533
0.99064
0.96255
0.89581
0.80647
0.57995
0.56315
0.57180
0.55842
0.55842
0.55842
0.55842
0.55842
0.55842
0.55842
0.55842
0.55842
0.55842
0.55842
0.55842
0.57859
0.87373
0.98183
0.99488
0.99362
0.98702
0.94068
0.84489
0.70093
0.51289
0.57416
0.56828
0.55842
0.55842
0.55842
0.55842
0.55842
0.55842
0.55842
0.55842
0.55842
0.55842
0.55842
0.59057
0.78699
0.96578
0.99140
0.99338
0.98308
0.96753
0.92368
0.84484
0.65999
0.57537
0.56081
0.55973
0.55842
0.55842
0.55842
0.55842
0.55842
0.55842
0.55842
0.55842
0.55842
0.55842
0.55842
0.68485
0.93316
0.98820
0.99306
0.98701
0.96458
0.92844
0.86797
0.71161
0.60380
0.57368
0.55842
0.55842
0.55842
0.55842
0.55842
0.55842
0.55842
0.55842
0.55842
0.55842
0.55842
0.55842
0.63730
0.87993
0.98367
0.99353
0.98988
0.96893
0.91240
0.84134
0.72109
0.59767
0.58716
0.55842
0.55842
0.55842
0.55842
0.55842
0.55842
0.55842
0.55842
0.55842
0.55842
0.55842
0.55842
0.59057
0.84783
0.97813
0.99605
0.99636
0.98929
0.94898
0.86909
0.76798
0.56776
0.58060
0.56915
0.55842
0.55842
0.55842
0.55842
0.55842
0.55842
0.55842
0.55842
0.55842
0.55842
0.55842
0.55842
0.72500
0.95472
0.99301
0.99751
0.99640
0.98901
0.95223
0.90178
0.71833
0.55939
0.57844
0.55842
0.55842
0.55842
0.55842
0.55842
0.55842
0.55842
0.55842
0.55842
0.55842
0.55842
0.55842
0.60637
0.87243
0.98099
0.99489
0.99682
0.99413
0.98342
0.95660
0.90867
0.66392
0.58263
0.56087
0.55842
0.55842
0.55842
0.55842
0.55842
0.55842
0.55842
0.55842
0.55842
0.55842
0.55842
0.55842
0.79698
0.96658
0.99152
0.99473
0.99318
0.98009
0.96444
0.92942
0.81156
0.60183
0.56217
0.55842
0.55842
0.55842
0.55842
0.55842
0.55842
0.55842
0.55842
0.55842
0.55842
0.55842
0.55842
0.55842
0.89232
0.98131
0.99244
0.99110
0.98762
0.94810
0.91729
0.81138
0.64315
0.58309
0.55842
0.55842
0.55842
0.55842
0.55842
0.55842
0.55842
0.55842
0.55842
0.55842
0.55842
0.55842
0.55842
0.70857
0.94911
0.98285
0.99310
0.98970
0.98428
0.95218
0.90639
0.68104
0.58888
0.56477
0.55842
0.55842
0.55842
0.55842
0.55842
0.55842
0.55842
0.55842
0.55842
0.55842
0.55842
0.55842
0.60637
0.87815
0.97455
0.98768
0.99121
0.98687
0.98034
0.95796
0.89865
0.63684
0.58592
0.55842
0.55842
0.55842
0.55842
0.55842
0.55842
0.55842
0.55842
0.55842
0.55842
0.55842
0.55842
0.55842
0.66120
0.93106
0.97329
0.98626
0.98067
0.97817
0.97199
0.94030
0.80484
0.61371
0.56038
0.55842
0.55842
0.55842
0.55842
0.55842
0.55842
0.55842
0.55842
0.55842
0.55842
0.55842
0.55842
0.55842
0.67544
0.92148
0.96203
0.98054
0.96533
0.97932
0.96139
0.90469
0.63577
0.57702
0.55842
0.55842
0.55842
0.55842
0.55842
0.55842
0.55842
0.55842
0.55842
0.55842
0.55842
0.55842
0.55842
0.55842
0.62053
0.77989
0.87201
0.94604
0.94365
0.98769
0.97629
0.91971
0.58136
0.56325
0.55842
0.55842
0.55842
0.55842
0.55842
0.55842
0.55842
0.55842
0.55842
0.55842
0.55842
0.55842
0.55842
0.55842
0.51767
0.38664
0.26186
0.26968
0.44472
0.89418
0.92694
0.87890
0.57848
0.55973
0.55842
0.55842
0.55842
0.55842
0.55842
0.55842
0.55842
0.55842
0.55842
0.55842
0.55842
0.55842
0.55842
0.55842
0.48199
0.20647
0.05320
0.02062
0.05029
0.32305
0.63105
0.71459
0.55842
0.55842
0.55842
0.55842
0.55842
0.55842
0.55842
0.55842
0.55842
0.55842
0.55842
0.55842
0.55842
0.55842
0.55842
0.55842
0.49754
0.23959
0.07424
0.02753
0.04618
0.17015
0.40983
0.58791
0.55842
0.55842
0.55842
0.55842
0.55842
0.55842
0.55842
0.55842
0.55842
0.55842
0.55842
0.55842
0.19394
0.19394
0.19394
0.19394
0.19394
0.19394
0.19394
0.19394
0.19394
0.19394
0.19394
0.19394
0.19394
0.19394
0.19394
0.19394
0.19394
0.19394
0.19394
0.19394
0.19394
0.19394
0.19394
0.19394
0.19394
0.19394
0.19394
0.19394
0.19394
0.19394
0.19394
0.19394
0.19394
0.19394
0.19394
0.19394
0.19394
0.19394
0.10909
0.04270
0.02787
0.05747
0.06310
0.05050
0.06773
0.15459
0.19394
0.19394
0.19394
0.19394
0.19394
0.19394
0.19394
0.19394
0.19394
0.19394
0.19394
0.19394
0.19394
0.19394
0.19394
0.12482
0.05196
0.05092
0.08833
0.20394
0.12762
0.05344
0.04290
0.13708
0.19394
0.19394
0.19394
0.19394
0.19394
0.19394
0.19394
0.19394
0.19394
0.19394
0.19394
0.19394
0.19394
0.19394
0.19394
0.11421
0.10646
0.35571
0.73314
0.80479
0.46840
0.11596
0.03958
0.12872
0.19394
0.19394
0.19394
0.19394
0.19394
0.19394
0.19394
0.19394
0.19394
0.19394
0.19394
0.19394
0.19394
0.19394
0.14246
0.08385
0.29182
0.89959
0.99591
0.99216
0.88809
0.35127
0.10791
0.15218
0.19394
0.19394
0.19394
0.19394
0.19394
0.19394
0.19394
0.19394
0.19394
0.19394
0.19394
0.19394
0.19394
0.14787
0.05913
0.10855
0.70805
0.99188
0.99915
0.99068
0.52191
0.08816
0.05168
0.13500
0.19394
0.19394
0.19394
0.19394
0.19394
0.19394
0.19394
0.19394
0.19394
0.19394
0.19394
0.19394
0.19394
0.09740
0.07171
0.40406
0.96496
0.99771
0.99642
0.86910
0.14725
0.06489
0.05956
0.14554
0.19394
0.19394
0.19394
0.19394
0.19394
0.19394
0.19394
0.19394
0.19394
0.19394
0.19394
0.19394
0.17748
0.07627
0.21912
0.87871
0.99706
0.99774
0.97014
0.33631
0.04583
0.03384
0.05847
0.15126
0.19394
0.19394
0.19394
0.19394
0.19394
0.19394
0.19394
0.19394
0.19394
0.19394
0.19394
0.16813
0.06873
0.09934
0.63860
0.98967
0.99900
0.99182
0.61844
0.06624
0.03364
0.07141
0.16907
0.18806
0.19394
0.19394
0.19394
0.19394
0.19394
0.19394
0.19394
0.19394
0.19394
0.19394
0.19394
0.12255
0.06157
0.34435
0.96024
0.99830
0.99765
0.87489
0.13107
0.04021
0.04481
0.13335
0.19394
0.19394
0.19394
0.19394
0.19394
0.19394
0.19394
0.19394
0.19394
0.19394
0.19394
0.19394
0.13466
0.06157
0.13249
0.83570
0.99636
0.99854
0.98048
0.38470
0.06250
0.03804
0.08571
0.19394
0.19394
0.19394
0.19394
0.19394
0.19394
0.19394
0.19394
0.19394
0.19394
0.19394
0.19394
0.16813
0.05596
0.07735
0.52934
0.97869
0.99739
0.99234
0.67746
0.06869
0.04070
0.05677
0.14950
0.19394
0.19394
0.19394
0.19394
0.19394
0.19394
0.19394
0.19394
0.19394
0.19394
0.19394
0.19394
0.09757
0.07189
0.35811
0.94183
0.99665
0.99508
0.87468
0.09317
0.03208
0.04578
0.11570
0.19394
0.19394
0.19394
0.19394
0.19394
0.19394
0.19394
0.19394
0.19394
0.19394
0.19394
0.19394
0.15629
0.07530
0.23000
0.86782
0.99450
0.99857
0.97814
0.34212
0.02602
0.03174
0.08684
0.18303
0.19394
0.19394
0.19394
0.19394
0.19394
0.19394
0.19394
0.19394
0.19394
0.19394
0.19394
0.19394
0.06505
0.09042
0.64157
0.98566
0.99891
0.99736
0.80850
0.09294
0.03361
0.07227
0.17741
0.19394
0.19394
0.19394
0.19394
0.19394
0.19394
0.19394
0.19394
0.19394
0.19394
0.19394
0.19394
0.19394
0.08029
0.33845
0.95121
0.99843
0.99870
0.96763
0.23199
0.05063
0.03554
0.09916
0.19394
0.19394
0.19394
0.19394
0.19394
0.19394
0.19394
0.19394
0.19394
0.19394
0.19394
0.19394
0.19394
0.09189
0.13504
0.73953
0.98910
0.99911
0.99269
0.62486
0.05061
0.03313
0.05494
0.16658
0.19394
0.19394
0.19394
0.19394
0.19394
0.19394
0.19394
0.19394
0.19394
0.19394
0.19394
0.19394
0.15629
0.06458
0.35596
0.95018
0.99793
0.99884
0.94170
0.16710
0.02163
0.03371
0.09530
0.19394
0.19394
0.19394
0.19394
0.19394
0.19394
0.19394
0.19394
0.19394
0.19394
0.19394
0.19394
0.19394
0.14941
0.12088
0.73722
0.99053
0.99949
0.99418
0.53695
0.06039
0.02961
0.07577
0.18518
0.19394
0.19394
0.19394
0.19394
0.19394
0.19394
0.19394
0.19394
0.19394
0.19394
0.19394
0.19394
0.19394
0.17812
0.32370
0.92320
0.99706
0.99951
0.95957
0.15578
0.02446
0.04527
0.13263
0.19394
0.19394
0.19394
0.19394
0.19394
0.19394
0.19394
0.19394
0.19394
0.19394
0.19394
0.19394
0.19394
0.19394
0.26063
0.68050
0.97544
0.99839
0.99852
0.72790
0.04274
0.00940
0.05881
0.17117
0.19394
0.19394
0.19394
0.19394
0.19394
0.19394
0.19394
0.19394
0.19394
0.19394
0.19394
0.19394
0.19394
0.19394
0.31985
0.89552
0.99615
0.99969
0.99820
0.74576
0.08125
0.02056
0.10806
0.18806
0.19394
0.19394
0.19394
0.19394
0.19394
0.19394
0.19394
0.19394
0.19394
0.19394
0.19394
0.19394
0.19394
0.19394
0.28954
0.83211
0.98665
0.99721
0.97646
0.47567
0.10151
0.05324
0.19394
0.19394
0.19394
0.19394
0.19394
0.19394
0.19394
0.19394
0.19394
0.19394
0.19394
0.19394
0.19394
0.19394
0.19394
0.19394
0.23765
0.56387
0.86068
0.92502
0.69020
0.16175
0.06695
0.06808
0.19394
0.19394
0.19394
0.19394
0.19394
0.19394
0.19394
0.19394
0.19394
0.19394
0.19394
0.19394
0.57553
0.57553
0.57553
0.57553
0.57553
0.57553
0.57553
0.57553
0.57553
0.57553
0.57553
0.57553
0.57553
0.57553
0.57553
0.57553
0.57553
0.57553
0.57553
0.57553
0.57553
0.57553
0.57553
0.57553
0.57553
0.57553
0.57553
0.57553
0.57553
0.57553
0.57553
0.57553
0.57553
0.57553
0.57553
0.57553
0.57553
0.57553
0.54754
0.40075
0.20153
0.13329
0.26374
0.54869
0.66799
0.60414
0.57553
0.57553
0.57553
0.57553
0.57553
0.57553
0.57553
0.57553
0.57553
0.57553
0.57553
0.57553
0.57553
0.57553
0.57553
0.55389
0.33929
0.08104
0.01751
0.02017
0.11358
0.46618
0.68216
0.61121
0.57553
0.57553
0.57553
0.57553
0.57553
0.57553
0.57553
0.57553
0.57553
0.57553
0.57553
0.57553
0.57553
0.57553
0.57553
0.47355
0.12577
0.00974
0.00137
0.00361
0.04348
0.32998
0.62981
0.60135
0.57553
0.57553
0.57553
0.57553
0.57553
0.57553
0.57553
0.57553
0.57553
0.57553
0.57553
0.57553
0.57553
0.57553
0.56023
0.28674
0.02039
0.00097
0.00024
0.00270
0.06413
0.42111
0.59424
0.59120
0.57553
0.57553
0.57553
0.57553
0.57553
0.57553
0.57553
0.57553
0.57553
0.57553
0.57553
0.57553
0.57553
0.56203
0.41520
0.06033
0.00197
0.00022
0.00050
0.02319
0.57637
0.86292
0.81935
0.64132
0.57553
0.57553
0.57553
0.57553
0.57553
0.57553
0.57553
0.57553
0.57553
0.57553
0.57553
0.57553
0.57553
0.49466
0.15818
0.00739
0.00036
0.00036
0.00552
0.26317
0.85302
0.88390
0.84476
0.64749
0.57553
0.57553
0.57553
0.57553
0.57553
0.57553
0.57553
0.57553
0.57553
0.57553
0.57553
0.57553
0.57104
0.33237
0.02910
0.00093
0.00016
0.00139
0.05217
0.72112
0.91408
0.91018
0.82556
0.63714
0.57553
0.57553
0.57553
0.57553
0.57553
0.57553
0.57553
0.57553
0.57553
0.57553
0.57553
0.56834
0.48318
0.08091
0.00289
0.00021
0.00041
0.01442
0.49558
0.89253
0.89265
0.79517
0.61209
0.58342
0.57553
0.57553
0.57553
0.57553
0.57553
0.57553
0.57553
0.57553
0.57553
0.57553
0.57553
0.52775
0.24349
0.01148
0.00044
0.00025
0.00403
0.23043
0.85956
0.90152
0.85329
0.66488
0.57553
0.57553
0.57553
0.57553
0.57553
0.57553
0.57553
0.57553
0.57553
0.57553
0.57553
0.57553
0.55751
0.34141
0.03962
0.00131
0.00026
0.00158
0.05645
0.72755
0.89566
0.88528
0.75607
0.57553
0.57553
0.57553
0.57553
0.57553
0.57553
0.57553
0.57553
0.57553
0.57553
0.57553
0.57553
0.56834
0.42679
0.07543
0.00307
0.00026
0.00058
0.01249
0.44239
0.90190
0.89857
0.82906
0.63916
0.57553
0.57553
0.57553
0.57553
0.57553
0.57553
0.57553
0.57553
0.57553
0.57553
0.57553
0.57553
0.51700
0.15718
0.00875
0.00037
0.00022
0.00317
0.16878
0.86781
0.91468
0.86734
0.69607
0.57553
0.57553
0.57553
0.57553
0.57553
0.57553
0.57553
0.57553
0.57553
0.57553
0.57553
0.57553
0.56474
0.34053
0.02894
0.00100
0.00012
0.00046
0.02266
0.64585
0.92290
0.88348
0.75398
0.59030
0.57553
0.57553
0.57553
0.57553
0.57553
0.57553
0.57553
0.57553
0.57553
0.57553
0.57553
0.57553
0.48574
0.09013
0.00274
0.00018
0.00019
0.00414
0.29543
0.86963
0.88114
0.78308
0.59811
0.57553
0.57553
0.57553
0.57553
0.57553
0.57553
0.57553
0.57553
0.57553
0.57553
0.57553
0.57553
0.57553
0.30598
0.01891
0.00045
0.00011
0.00093
0.06530
0.79476
0.90309
0.87526
0.72803
0.57553
0.57553
0.57553
0.57553
0.57553
0.57553
0.57553
0.57553
0.57553
0.57553
0.57553
0.57553
0.57553
0.53958
0.08989
0.00270
0.00015
0.00020
0.00598
0.42231
0.90548
0.90532
0.83207
0.61358
0.57553
0.57553
0.57553
0.57553
0.57553
0.57553
0.57553
0.57553
0.57553
0.57553
0.57553
0.57553
0.56474
0.36005
0.01714
0.00050
0.00010
0.00084
0.06586
0.79129
0.92399
0.88379
0.73345
0.57553
0.57553
0.57553
0.57553
0.57553
0.57553
0.57553
0.57553
0.57553
0.57553
0.57553
0.57553
0.57553
0.52468
0.16623
0.00399
0.00020
0.00016
0.00886
0.53173
0.89455
0.88180
0.76925
0.58735
0.57553
0.57553
0.57553
0.57553
0.57553
0.57553
0.57553
0.57553
0.57553
0.57553
0.57553
0.57553
0.57553
0.46873
0.06698
0.00158
0.00013
0.00034
0.04252
0.78428
0.91992
0.84883
0.66564
0.57553
0.57553
0.57553
0.57553
0.57553
0.57553
0.57553
0.57553
0.57553
0.57553
0.57553
0.57553
0.57553
0.57553
0.42661
0.03872
0.00149
0.00018
0.00145
0.18437
0.87481
0.93628
0.82559
0.60765
0.57553
0.57553
0.57553
0.57553
0.57553
0.57553
0.57553
0.57553
0.57553
0.57553
0.57553
0.57553
0.57553
0.57553
0.42730
0.05239
0.00568
0.00217
0.03464
0.53388
0.86800
0.87463
0.71044
0.58342
0.57553
0.57553
0.57553
0.57553
0.57553
0.57553
0.57553
0.57553
0.57553
0.57553
0.57553
0.57553
0.57553
0.57553
0.47398
0.12622
0.03330
0.02633
0.26278
0.76954
0.84913
0.77861
0.57553
0.57553
0.57553
0.57553
0.57553
0.57553
0.57553
0.57553
0.57553
0.57553
0.57553
0.57553
0.57553
0.57553
0.57553
0.57553
0.52681
0.29612
0.17389
0.19348
0.61247
0.88494
0.89343
0.80218
0.57553
0.57553
0.57553
0.57553
0.57553
0.57553
0.57553
0.57553
0.57553
0.57553
0.57553
0.57553
0.19370
0.19370
0.19370
0.19370
0.19370
0.19370
0.19370
0.19370
0.19370
0.19370
0.19370
0.19370
0.19370
0.19370
0.19370
0.19370
0.19370
0.19370
0.19370
0.19370
0.19370
0.19370
0.19370
0.19370
0.19370
0.19370
0.19370
0.19370
0.19370
0.19370
0.19370
0.19370
0.19370
0.19370
0.19370
0.19370
0.19370
0.19370
0.15233
0.09775
0.08575
0.15826
0.32568
0.39565
0.32641
0.21847
0.19370
0.19370
0.19370
0.19370
0.19370
0.19370
0.19370
0.19370
0.19370
0.19370
0.19370
0.19370
0.19370
0.19370
0.19370
0.16099
0.06880
0.02702
0.02220
0.10312
0.43753
0.57455
0.46208
0.24047
0.19370
0.19370
0.19370
0.19370
0.19370
0.19370
0.19370
0.19370
0.19370
0.19370
0.19370
0.19370
0.19370
0.19370
0.19370
0.11186
0.02315
0.00608
0.00487
0.06390
0.54621
0.72560
0.58276
0.25943
0.19370
0.19370
0.19370
0.19370
0.19370
0.19370
0.19370
0.19370
0.19370
0.19370
0.19370
0.19370
0.19370
0.19370
0.17004
0.05424
0.00619
0.00162
0.00304
0.09309
0.65388
0.79126
0.58664
0.26106
0.19370
0.19370
0.19370
0.19370
0.19370
0.19370
0.19370
0.19370
0.19370
0.19370
0.19370
0.19370
0.19370
0.17270
0.09068
0.01598
0.00168
0.00094
0.00637
0.24906
0.86256
0.87649
0.63893
0.26846
0.19370
0.19370
0.19370
0.19370
0.19370
0.19370
0.19370
0.19370
0.19370
0.19370
0.19370
0.19370
0.19370
0.11850
0.03027
0.00379
0.00077
0.00333
0.05830
0.64085
0.88483
0.76242
0.51649
0.24794
0.19370
0.19370
0.19370
0.19370
0.19370
0.19370
0.19370
0.19370
0.19370
0.19370
0.19370
0.19370
0.18649
0.05701
0.00769
0.00118
0.00118
0.02339
0.34260
0.82938
0.82777
0.61160
0.36775
0.22395
0.19370
0.19370
0.19370
0.19370
0.19370
0.19370
0.19370
0.19370
0.19370
0.19370
0.19370
0.18226
0.11595
0.01781
0.00198
0.00080
0.00552
0.18239
0.81789
0.88075
0.68674
0.35773
0.20976
0.19705
0.19370
0.19370
0.19370
0.19370
0.19370
0.19370
0.19370
0.19370
0.19370
0.19370
0.19370
0.14359
0.04428
0.00439
0.00073
0.00203
0.04715
0.66546
0.89789
0.78782
0.49302
0.23593
0.19370
0.19370
0.19370
0.19370
0.19370
0.19370
0.19370
0.19370
0.19370
0.19370
0.19370
0.19370
0.16611
0.06917
0.01277
0.00149
0.00139
0.01512
0.28988
0.85319
0.83571
0.61685
0.31546
0.19370
0.19370
0.19370
0.19370
0.19370
0.19370
0.19370
0.19370
0.19370
0.19370
0.19370
0.19370
0.18226
0.08616
0.01928
0.00316
0.00109
0.00757
0.13428
0.75605
0.87638
0.69305
0.41249
0.22272
0.19370
0.19370
0.19370
0.19370
0.19370
0.19370
0.19370
0.19370
0.19370
0.19370
0.19370
0.19370
0.13059
0.02888
0.00463
0.00081
0.00228
0.05973
0.62516
0.90375
0.78990
0.49340
0.25801
0.19370
0.19370
0.19370
0.19370
0.19370
0.19370
0.19370
0.19370
0.19370
0.19370
0.19370
0.19370
0.17675
0.06460
0.00804
0.00114
0.00071
0.01155
0.35848
0.88413
0.89325
0.60738
0.29906
0.20003
0.19370
0.19370
0.19370
0.19370
0.19370
0.19370
0.19370
0.19370
0.19370
0.19370
0.19370
0.19370
0.10450
0.01956
0.00195
0.00060
0.00269
0.08985
0.80463
0.91753
0.77127
0.39066
0.20347
0.19370
0.19370
0.19370
0.19370
0.19370
0.19370
0.19370
0.19370
0.19370
0.19370
0.19370
0.19370
0.19370
0.04648
0.00450
0.00054
0.00086
0.01982
0.46375
0.91142
0.86677
0.62016
0.28601
0.19370
0.19370
0.19370
0.19370
0.19370
0.19370
0.19370
0.19370
0.19370
0.19370
0.19370
0.19370
0.19370
0.14205
0.01600
0.00119
0.00039
0.00342
0.15129
0.83799
0.92071
0.75203
0.43267
0.21048
0.19370
0.19370
0.19370
0.19370
0.19370
0.19370
0.19370
0.19370
0.19370
0.19370
0.19370
0.19370
0.17675
0.06812
0.00419
0.00051
0.00060
0.02007
0.60350
0.92083
0.87973
0.57071
0.28087
0.19370
0.19370
0.19370
0.19370
0.19370
0.19370
0.19370
0.19370
0.19370
0.19370
0.19370
0.19370
0.19370
0.14803
0.02728
0.00107
0.00034
0.00204
0.15785
0.89024
0.92208
0.74125
0.35149
0.19875
0.19370
0.19370
0.19370
0.19370
0.19370
0.19370
0.19370
0.19370
0.19370
0.19370
0.19370
0.19370
0.19370
0.12327
0.00983
0.00053
0.00036
0.00761
0.55658
0.93580
0.89580
0.56596
0.24853
0.19370
0.19370
0.19370
0.19370
0.19370
0.19370
0.19370
0.19370
0.19370
0.19370
0.19370
0.19370
0.19370
0.19370
0.11035
0.00449
0.00035
0.00040
0.02775
0.84076
0.94845
0.86026
0.40966
0.20989
0.19370
0.19370
0.19370
0.19370
0.19370
0.19370
0.19370
0.19370
0.19370
0.19370
0.19370
0.19370
0.19370
0.19370
0.10903
0.00658
0.00090
0.00113
0.07258
0.80419
0.88066
0.69550
0.26206
0.19705
0.19370
0.19370
0.19370
0.19370
0.19370
0.19370
0.19370
0.19370
0.19370
0.19370
0.19370
0.19370
0.19370
0.19370
0.12580
0.01701
0.00429
0.00580
0.16465
0.75119
0.76335
0.50269
0.19370
0.19370
0.19370
0.19370
0.19370
0.19370
0.19370
0.19370
0.19370
0.19370
0.19370
0.19370
0.19370
0.19370
0.19370
0.19370
0.15162
0.04386
0.01922
0.02515
0.22085
0.61901
0.62246
0.41350
0.19370
0.19370
0.19370
0.19370
0.19370
0.19370
0.19370
0.19370
0.19370
0.19370
0.19370
0.19370
0.24151
0.24151
0.24151
0.24151
0.24151
0.24151
0.24151
0.24151
0.24151
0.24151
0.24151
0.24151
0.24151
0.24151
0.24151
0.24151
0.24151
0.24151
0.24151
0.24151
0.24151
0.24151
0.24151
0.24151
0.24151
0.24151
0.24151
0.24151
0.24151
0.24151
0.24151
0.24151
0.24151
0.24151
0.24151
0.24151
0.24151
0.24151
0.15445
0.06037
0.03013
0.04994
0.10762
0.16725
0.20477
0.23394
0.24151
0.24151
0.24151
0.24151
0.24151
0.24151
0.24151
0.24151
0.24151
0.24151
0.24151
0.24151
0.24151
0.24151
0.24151
0.17155
0.05867
0.02682
0.02997
0.13619
0.34163
0.35597
0.26601
0.24209
0.24151
0.24151
0.24151
0.24151
0.24151
0.24151
0.24151
0.24151
0.24151
0.24151
0.24151
0.24151
0.24151
0.24151
0.24151
0.13588
0.05255
0.06041
0.15210
0.58479
0.79189
0.69321
0.39122
0.25851
0.24151
0.24151
0.24151
0.24151
0.24151
0.24151
0.24151
0.24151
0.24151
0.24151
0.24151
0.24151
0.24151
0.24151
0.19013
0.07153
0.05653
0.21888
0.85573
0.98624
0.98904
0.94693
0.64769
0.29729
0.24151
0.24151
0.24151
0.24151
0.24151
0.24151
0.24151
0.24151
0.24151
0.24151
0.24151
0.24151
0.24151
0.19571
0.07666
0.03874
0.10149
0.70101
0.99048
0.99820
0.99387
0.93172
0.58368
0.28616
0.24151
0.24151
0.24151
0.24151
0.24151
0.24151
0.24151
0.24151
0.24151
0.24151
0.24151
0.24151
0.24151
0.12738
0.04450
0.05959
0.36505
0.95760
0.99717
0.99706
0.97974
0.81881
0.44915
0.26992
0.24151
0.24151
0.24151
0.24151
0.24151
0.24151
0.24151
0.24151
0.24151
0.24151
0.24151
0.24151
0.22548
0.07400
0.04839
0.17799
0.84745
0.99324
0.99716
0.98867
0.88441
0.51012
0.26261
0.24185
0.24151
0.24151
0.24151
0.24151
0.24151
0.24151
0.24151
0.24151
0.24151
0.24151
0.24151
0.21622
0.09868
0.03889
0.08650
0.60540
0.98582
0.99786
0.99448
0.94036
0.60248
0.28633
0.24171
0.24108
0.24151
0.24151
0.24151
0.24151
0.24151
0.24151
0.24151
0.24151
0.24151
0.24151
0.24151
0.16031
0.05209
0.05456
0.33158
0.94770
0.99708
0.99715
0.97719
0.77925
0.37088
0.23644
0.24151
0.24151
0.24151
0.24151
0.24151
0.24151
0.24151
0.24151
0.24151
0.24151
0.24151
0.24151
0.18199
0.06637
0.03621
0.15092
0.84177
0.99383
0.99776
0.99104
0.89756
0.51091
0.26236
0.24151
0.24151
0.24151
0.24151
0.24151
0.24151
0.24151
0.24151
0.24151
0.24151
0.24151
0.24151
0.21622
0.07500
0.03232
0.06884
0.50927
0.97508
0.99678
0.99402
0.94475
0.65410
0.31214
0.23795
0.24151
0.24151
0.24151
0.24151
0.24151
0.24151
0.24151
0.24151
0.24151
0.24151
0.24151
0.24151
0.13394
0.04313
0.05431
0.27248
0.91983
0.99506
0.99597
0.97341
0.76176
0.37621
0.24161
0.24151
0.24151
0.24151
0.24151
0.24151
0.24151
0.24151
0.24151
0.24151
0.24151
0.24151
0.24151
0.20432
0.07551
0.05009
0.17389
0.74519
0.99070
0.99746
0.99007
0.88093
0.46723
0.24571
0.24070
0.24151
0.24151
0.24151
0.24151
0.24151
0.24151
0.24151
0.24151
0.24151
0.24151
0.24151
0.24151
0.09438
0.03805
0.08530
0.51421
0.97740
0.99843
0.99744
0.97067
0.70969
0.32828
0.24027
0.24151
0.24151
0.24151
0.24151
0.24151
0.24151
0.24151
0.24151
0.24151
0.24151
0.24151
0.24151
0.24151
0.07089
0.06316
0.27411
0.90996
0.99657
0.99851
0.99064
0.89886
0.50240
0.25104
0.24151
0.24151
0.24151
0.24151
0.24151
0.24151
0.24151
0.24151
0.24151
0.24151
0.24151
0.24151
0.24151
0.13505
0.04894
0.10966
0.53054
0.98232
0.99808
0.99583
0.95887
0.69028
0.32792
0.23940
0.24151
0.24151
0.24151
0.24151
0.24151
0.24151
0.24151
0.24151
0.24151
0.24151
0.24151
0.24151
0.20432
0.07092
0.06226
0.27577
0.88376
0.99627
0.99826
0.98697
0.84149
0.42108
0.23774
0.24151
0.24151
0.24151
0.24151
0.24151
0.24151
0.24151
0.24151
0.24151
0.24151
0.24151
0.24151
0.24151
0.18251
0.06554
0.11975
0.56500
0.98462
0.99838
0.99638
0.95820
0.64478
0.28632
0.24086
0.24151
0.24151
0.24151
0.24151
0.24151
0.24151
0.24151
0.24151
0.24151
0.24151
0.24151
0.24151
0.24151
0.18473
0.10175
0.24626
0.79936
0.99468
0.99801
0.98787
0.86120
0.46779
0.25326
0.24151
0.24151
0.24151
0.24151
0.24151
0.24151
0.24151
0.24151
0.24151
0.24151
0.24151
0.24151
0.24151
0.24151
0.23186
0.21591
0.48027
0.91379
0.99615
0.99600
0.96431
0.65666
0.31067
0.24354
0.24151
0.24151
0.24151
0.24151
0.24151
0.24151
0.24151
0.24151
0.24151
0.24151
0.24151
0.24151
0.24151
0.24151
0.27688
0.48415
0.87940
0.99094
0.99859
0.99583
0.93694
0.49919
0.23584
0.24108
0.24151
0.24151
0.24151
0.24151
0.24151
0.24151
0.24151
0.24151
0.24151
0.24151
0.24151
0.24151
0.24151
0.24151
0.28025
0.52014
0.86703
0.97941
0.99087
0.97552
0.83530
0.41433
0.24151
0.24151
0.24151
0.24151
0.24151
0.24151
0.24151
0.24151
0.24151
0.24151
0.24151
0.24151
0.24151
0.24151
0.24151
0.24151
0.26093
0.40927
0.68668
0.88607
0.91633
0.85560
0.62294
0.34208
0.24151
0.24151
0.24151
0.24151
0.24151
0.24151
0.24151
0.24151
0.24151
0.24151
0.24151
0.24151
0.26215
0.26215
0.26215
0.26215
0.26215
0.26215
0.26215
0.26215
0.26215
0.26215
0.26215
0.26215
0.26215
0.26215
0.26215
0.26215
0.26215
0.26215
0.26215
0.26215
0.26215
0.26215
0.26215
0.26215
0.26215
0.26215
0.26215
0.26215
0.26215
0.26215
0.26215
0.26215
0.26215
0.26215
0.26215
0.26215
0.26215
0.26215
0.20732
0.11671
0.05116
0.02570
0.01344
0.01710
0.05756
0.19969
0.26215
0.26215
0.26215
0.26215
0.26215
0.26215
0.26215
0.26215
0.26215
0.26215
0.26215
0.26215
0.26215
0.26215
0.26215
0.21892
0.11291
0.03937
0.00928
0.00294
0.00223
0.00729
0.04258
0.19343
0.26215
0.26215
0.26215
0.26215
0.26215
0.26215
0.26215
0.26215
0.26215
0.26215
0.26215
0.26215
0.26215
0.26215
0.26215
0.18871
0.08563
0.02984
0.00719
0.00315
0.00477
0.01577
0.06242
0.20547
0.26215
0.26215
0.26215
0.26215
0.26215
0.26215
0.26215
0.26215
0.26215
0.26215
0.26215
0.26215
0.26215
0.26215
0.23097
0.12695
0.05647
0.02642
0.01872
0.02607
0.09862
0.23504
0.37349
0.28330
0.26215
0.26215
0.26215
0.26215
0.26215
0.26215
0.26215
0.26215
0.26215
0.26215
0.26215
0.26215
0.26215
0.23450
0.13563
0.05827
0.02706
0.02602
0.07117
0.34210
0.66631
0.78518
0.60798
0.31736
0.26215
0.26215
0.26215
0.26215
0.26215
0.26215
0.26215
0.26215
0.26215
0.26215
0.26215
0.26215
0.26215
0.18446
0.08184
0.03505
0.02163
0.03455
0.18708
0.66329
0.84108
0.82165
0.53221
0.30460
0.26215
0.26215
0.26215
0.26215
0.26215
0.26215
0.26215
0.26215
0.26215
0.26215
0.26215
0.26215
0.25270
0.13305
0.05884
0.02834
0.02964
0.07057
0.42634
0.77879
0.83540
0.64040
0.37778
0.28089
0.26215
0.26215
0.26215
0.26215
0.26215
0.26215
0.26215
0.26215
0.26215
0.26215
0.26215
0.24715
0.16002
0.06952
0.03108
0.02551
0.05176
0.28142
0.66814
0.78855
0.67689
0.37753
0.27321
0.26413
0.26215
0.26215
0.26215
0.26215
0.26215
0.26215
0.26215
0.26215
0.26215
0.26215
0.26215
0.20943
0.09771
0.04446
0.02804
0.04273
0.16795
0.62116
0.80344
0.77314
0.48244
0.28603
0.26215
0.26215
0.26215
0.26215
0.26215
0.26215
0.26215
0.26215
0.26215
0.26215
0.26215
0.26215
0.22575
0.12238
0.04800
0.02429
0.03000
0.09740
0.52394
0.84322
0.84763
0.61339
0.33964
0.26215
0.26215
0.26215
0.26215
0.26215
0.26215
0.26215
0.26215
0.26215
0.26215
0.26215
0.26215
0.24715
0.13642
0.05569
0.02020
0.01273
0.03027
0.24275
0.68831
0.82113
0.72642
0.41759
0.27878
0.26215
0.26215
0.26215
0.26215
0.26215
0.26215
0.26215
0.26215
0.26215
0.26215
0.26215
0.26215
0.19085
0.08361
0.03304
0.01522
0.01848
0.09600
0.44485
0.68708
0.74027
0.49430
0.30056
0.26215
0.26215
0.26215
0.26215
0.26215
0.26215
0.26215
0.26215
0.26215
0.26215
0.26215
0.26215
0.23987
0.13205
0.05852
0.02642
0.02022
0.05386
0.26224
0.53590
0.65306
0.57594
0.32664
0.26587
0.26215
0.26215
0.26215
0.26215
0.26215
0.26215
0.26215
0.26215
0.26215
0.26215
0.26215
0.26215
0.15872
0.07151
0.03198
0.02177
0.03443
0.22283
0.57788
0.70020
0.69692
0.40512
0.26787
0.26215
0.26215
0.26215
0.26215
0.26215
0.26215
0.26215
0.26215
0.26215
0.26215
0.26215
0.26215
0.26215
0.12895
0.06529
0.04039
0.04642
0.10586
0.50102
0.74414
0.79008
0.60177
0.31956
0.26215
0.26215
0.26215
0.26215
0.26215
0.26215
0.26215
0.26215
0.26215
0.26215
0.26215
0.26215
0.26215
0.19347
0.09177
0.04979
0.03879
0.05427
0.22455
0.55689
0.67182
0.70397
0.42970
0.27190
0.26215
0.26215
0.26215
0.26215
0.26215
0.26215
0.26215
0.26215
0.26215
0.26215
0.26215
0.26215
0.23987
0.12775
0.06776
0.04359
0.04489
0.10853
0.41588
0.57773
0.64201
0.52505
0.31180
0.26215
0.26215
0.26215
0.26215
0.26215
0.26215
0.26215
0.26215
0.26215
0.26215
0.26215
0.26215
0.26215
0.22307
0.10916
0.07103
0.06896
0.10686
0.25541
0.58677
0.65416
0.66430
0.36472
0.26512
0.26215
0.26215
0.26215
0.26215
0.26215
0.26215
0.26215
0.26215
0.26215
0.26215
0.26215
0.26215
0.26215
0.22290
0.12432
0.09958
0.11745
0.19812
0.33247
0.52059
0.59649
0.55679
0.29916
0.26215
0.26215
0.26215
0.26215
0.26215
0.26215
0.26215
0.26215
0.26215
0.26215
0.26215
0.26215
0.26215
0.26215
0.24979
0.21327
0.24544
0.29364
0.40871
0.39610
0.34335
0.41038
0.41287
0.27296
0.26215
0.26215
0.26215
0.26215
0.26215
0.26215
0.26215
0.26215
0.26215
0.26215
0.26215
0.26215
0.26215
0.26215
0.28601
0.40993
0.66293
0.86162
0.92960
0.91311
0.75980
0.53080
0.30172
0.26413
0.26215
0.26215
0.26215
0.26215
0.26215
0.26215
0.26215
0.26215
0.26215
0.26215
0.26215
0.26215
0.26215
0.26215
0.29314
0.48092
0.77620
0.93252
0.96629
0.94903
0.81487
0.48379
0.26215
0.26215
0.26215
0.26215
0.26215
0.26215
0.26215
0.26215
0.26215
0.26215
0.26215
0.26215
0.26215
0.26215
0.26215
0.26215
0.28374
0.42895
0.69687
0.87139
0.91641
0.87205
0.69892
0.41931
0.26215
0.26215
0.26215
0.26215
0.26215
0.26215
0.26215
0.26215
0.26215
0.26215
0.26215
0.26215
