0.05177
0.05794
0.06058
0.03808
0.02174
0.02689
0.03414
0.02369
0.05538
0.06366
0.04832
0.02255
0.01964
0.02178
0.02949
0.01870
0.06175
0.05625
0.03194
0.01917
0.01808
0.02174
0.01746
0.01446
0.06088
0.04056
0.02008
0.01784
0.02041
0.01910
0.01374
0.01854
0.04994
0.02547
0.01751
0.01796
0.02091
0.01552
0.01493
0.02818
0.03475
0.01769
0.01650
0.02161
0.01672
0.01319
0.02108
0.03883
0.02117
0.01403
0.01691
0.01948
0.01487
0.01553
0.03139
0.04729
0.01449
0.01243
0.01781
0.01488
0.01380
0.02050
0.04113
0.04986
0.05274
0.06401
0.04800
0.02156
0.00763
0.00410
0.00405
0.01328
0.06273
0.06293
0.03372
0.01592
0.01849
0.02580
0.04514
0.09309
0.06394
0.04067
0.02045
0.02004
0.03195
0.03757
0.07025
0.08709
0.04636
0.02068
0.01196
0.02068
0.02815
0.03523
0.06199
0.07791
0.03154
0.01531
0.01512
0.01959
0.02222
0.04595
0.06737
0.06149
0.02508
0.01858
0.02152
0.01761
0.03028
0.05185
0.06500
0.04593
0.01045
0.00978
0.01020
0.01365
0.03933
0.06665
0.05800
0.04702
0.01255
0.00505
0.00355
0.00919
0.02671
0.05507
0.04869
0.04906
0.21478
0.21375
0.27928
0.29460
0.10123
0.01574
0.01156
0.01487
0.20838
0.23999
0.30461
0.14248
0.01962
0.00670
0.00578
0.00443
0.22534
0.31490
0.24419
0.04836
0.01868
0.03438
0.02419
0.01910
0.28629
0.32794
0.11244
0.02741
0.03571
0.05120
0.02232
0.04200
0.29780
0.15080
0.03165
0.02702
0.06042
0.03486
0.03224
0.13668
0.19709
0.04535
0.01489
0.03106
0.03500
0.02244
0.07062
0.27777
0.10638
0.03123
0.02368
0.04255
0.02579
0.02910
0.15572
0.27917
0.02649
0.01409
0.02384
0.03022
0.03656
0.08571
0.26712
0.25330
0.06691
0.05865
0.01720
0.00580
0.06181
0.91463
0.81543
0.02826
0.06543
0.03221
0.00627
0.02524
0.93788
0.99880
0.65775
0.00182
0.04634
0.00969
0.00851
0.59507
0.99938
0.99594
0.03237
0.00060
0.01845
0.00550
0.08772
0.99495
0.99950
0.45551
0.00087
0.00131
0.00746
0.01781
0.88876
0.99950
0.95877
0.00500
0.00068
0.01124
0.00990
0.30000
0.99803
0.99688
0.05639
0.00050
0.00351
0.05361
0.07418
0.97101
0.99946
0.78703
0.00133
0.00090
0.02018
0.07994
0.74915
0.99838
0.99191
0.02975
0.00047
0.00585
0.06220
0.07718
0.00545
0.00591
0.00606
0.00369
0.00223
0.00157
0.00149
0.00130
0.00571
0.00622
0.00479
0.00279
0.00157
0.00119
0.00065
0.00059
0.00608
0.00568
0.00334
0.00182
0.00120
0.00060
0.00040
0.00046
0.00610
0.00398
0.00238
0.00126
0.00072
0.00041
0.00033
0.00073
0.00483
0.00294
0.00145
0.00102
0.00046
0.00033
0.00049
0.00147
0.00341
0.00202
0.00111
0.00056
0.00036
0.00035
0.00092
0.00297
0.00252
0.00129
0.00073
0.00038
0.00032
0.00052
0.00185
0.00455
0.00200
0.00121
0.00055
0.00032
0.00040
0.00093
0.00336
0.00528
0.88085
0.86134
0.74383
0.78785
0.91832
0.32434
0.00037
0.00007
0.87514
0.79845
0.73590
0.93283
0.93073
0.08062
0.00152
0.02529
0.83514
0.74216
0.88174
0.97012
0.54956
0.00999
0.03316
0.86123
0.74663
0.76833
0.95577
0.88210
0.04214
0.01278
0.56083
0.98435
0.70078
0.87901
0.93204
0.15201
0.00420
0.10420
0.94797
0.98223
0.78275
0.95489
0.69208
0.00983
0.01060
0.67198
0.97582
0.93671
0.84784
0.93871
0.10098
0.00280
0.12879
0.95541
0.96580
0.87381
0.71478
0.46801
0.00250
0.00186
0.36613
0.96609
0.92019
0.85902
0.86565
0.89863
0.92008
0.90924
0.95974
0.99234
0.96823
0.53942
0.88583
0.91821
0.90679
0.90336
0.94574
0.84086
0.13249
0.09242
0.91247
0.92634
0.92343
0.94815
0.89251
0.13116
0.02369
0.45125
0.92249
0.91970
0.94760
0.96279
0.59542
0.05278
0.27000
0.94321
0.90254
0.90638
0.95161
0.85252
0.12417
0.12521
0.87154
0.97642
0.86223
0.89405
0.90883
0.41593
0.10050
0.65332
0.97149
0.94418
0.73714
0.86905
0.72276
0.16918
0.38863
0.94377
0.96824
0.87238
0.09489
0.13708
0.05894
0.07701
0.79522
0.97983
0.92522
0.84600
0.03560
0.03597
0.03963
0.03187
0.02212
0.01404
0.01424
0.01360
0.03555
0.03823
0.03686
0.02507
0.01488
0.00870
0.00872
0.01355
0.03640
0.03850
0.02844
0.01822
0.00908
0.00724
0.00759
0.01450
0.03960
0.03261
0.02073
0.01045
0.00733
0.00651
0.01074
0.02033
0.03725
0.02542
0.01446
0.00824
0.00626
0.00813
0.01657
0.02603
0.02957
0.01821
0.00911
0.00694
0.00672
0.01260
0.02239
0.02780
0.02323
0.01119
0.00712
0.00603
0.00917
0.01840
0.02612
0.02902
0.02259
0.00903
0.00713
0.00724
0.01337
0.02285
0.02677
0.03195
